293,5
293,4
293,3
293,2
293,1
293,0
292,3
292,2
292,1
292,0
291,3
291,2
291,1
291,0
290,3
290,2
290,1
290,0
289,5
289,4
289,3
289,2
289,1
289,0
288,4
288,3
288,2
288,1
288,0
287,3
287,2
287,1
287,0
286,5
286,4
286,3
286,2
286,1
286,0
285,4
285,3
285,2
285,1
285,0
284,3
284,2
284,1
284,0
283,3
283,2
283,1
283,0
282,3
282,2
282,1
282,0
281,3
281,2
281,1
281,0
280,3
280,2
280,1
280,0
279,3
279,2
279,1
279,0
278,3
278,2
278,1
278,0
277,3
277,2
277,1
277,0
276,3
276,2
276,1
276,0
275,3
275,2
275,1
275,0
274,3
274,2
274,1
274,0
273,3
273,2
273,1
273,0
272,3
272,2
272,1
272,0
271,4
271,3
271,2
271,1
271,0
270,3
270,2
270,1
270,0
269,3
269,2
269,1
269,0
268,6
268,5
268,4
268,3
268,2
268,1
268,0
267,5
267,4
267,3
267,2
267,1
267,0
266,4
266,3
266,2
266,1
266,0
265,3
265,2
265,1
265,0
264,3
264,2
264,1
264,0
263,3
263,2
0,570
263,1
263,0
262,5
262,4
262,3
262,2
262,1
262,0
261,4
261,3
261,2
261,1
261,0
260,3
260,2
260,1
260,0
259,5
259,4
259,3
259,2
259,1
259,0
258,4
258,3
258,2
258,1
258,0
257,3
257,2
257,1
257,0
256,3
256,2
256,1
256,0
255,3
255,2
255,1
255,0
254,3
254,2
254,1
254,0
253,3
253,2
253,1
253,0
252,3
252,2
252,1
252,0
251,3
251,2
251,1
251,0
250,3
250,2
250,1
250,0
249,3
249,2
249,1
249,0
248,3
248,2
248,1
248,0
247,3
247,2
247,1
247,0
246,3
246,2
246,1
246,0
245,3
245,2
245,1
245,0
244,4
244,3
244,2
244,1
244,0
243,3
243,2
243,1
243,0
242,3
242,2
242,1
242,0
241,6
241,5
241,4
241,3
241,2
241,1
241,0
240,5
240,4
240,3
240,2
240,1
240,0
239,4
239,3
239,2
239,1
239,0
238,3
238,2
238,1
238,0
237,3
237,2
0,569
237,1
237,0
236,5
236,4
236,3
236,2
236,1
236,0
2,9
235,4
235,3
235,2
235,1
235,0
234,3
234,2
234,1
234,0
233,5
233,4
233,3
233,2
233,1
233,0
232,4
232,3
232,2
232,1
232,0
231,3
231,2
231,1
231,0
230,3
230,2
230,1
230,0
229,3
229,2
229,1
229,0
228,3
228,2
228,1
228,0
227,3
227,2
227,1
227,0
226,3
226,2
226,1
226,0
225,3
225,2
225,1
225,0
224,3
224,2
224,1
224,0
223,3
223,2
223,1
223,0
222,3
222,2
222,1
222,0
221,3
221,2
221,1
221,0
220,3
220,2
220,1
220,0
219,3
219,2
219,1
219,0
218,4
218,3
218,2
218,1
218,0
217,3
217,2
217,1
217,0
216,3
216,2
216,1
216,0
215,6
215,5
215,4
215,3
215,2
215,1
215,0
214,5
214,4
214,3
214,2
214,1
214,0
213,4
213,3
213,2
213,1
213,0
212,3
212,2
212,1
212,0
0,310
0,305
0,308
0,307
0,302
0,304
0,303
0,12
0,567
0,10
0,8
0,0
0,515
0,419
0,300
0,511
0,418
0,299
0,510
0,417
0,298
0,512
0,416
0,297
0,508
0,415
0,296
0,507
0,414
0,295
0,509
0,413
0,294
0,505
0,412
0,293
0,504
0,411
0,292
0,506
0,410
0,291
0,502
0,409
0,290
0,501
0,407
0,289
0,503
0,406
0,288
0,499
0,405
0,287
0,498
0,404
0,286
0,500
0,403
0,285
0,496
0,402
0,284
0,495
0,401
0,283
0,497
0,400
0,282
0,492
0,399
0,281
0,491
0,398
0,280
0,493
0,397
0,279
0,555
0,396
0,278
0,566
0,395
0,277
0,564
0,394
0,276
0,563
0,393
0,275
0,565
0,392
0,274
0,562
0,391
0,273
0,553
0,390
0,272
0,552
0,389
0,271
0,554
0,388
0,270
0,551
0,387
0,269
0,550
0,386
0,268
0,537
0,385
0,267
0,490
0,384
0,266
0,489
0,383
0,265
0,488
0,382
0,264
0,487
0,381
0,263
0,561
0,380
0,262
0,536
0,379
0,261
0,535
0,378
0,260
0,560
0,377
0,259
0,548
0,376
0,258
0,547
0,375
0,257
0,549
0,374
0,256
0,534
0,373
0,255
0,533
0,372
0,254
0,546
0,371
0,253
0,545
0,370
0,252
0,544
0,369
0,251
0,543
0,368
0,250
0,559
0,474
0,249
0,472
0,367
0,248
0,473
0,366
0,247
0,486
0,365
0,246
0,557
0,364
0,245
0,558
0,471
0,244
0,556
0,485
0,242
0,532
0,363
0,241
0,531
0,362
0,240
0,470
0,361
0,239
2,3
2,5
2,7
2,8
3,1
3,3
160,1
160,2
161,0
161,2
161,3
162,0
162,1
162,3
162,5
163,0
163,2
163,3
163,5
163,6
164,1
164,3
165,0
165,2
165,3
166,1
166,3
166,4
167,1
167,2
168,0
168,2
168,3
169,1
169,2
170,0
170,1
170,3
171,1
171,2
172,0
172,1
172,3
173,1
173,2
174,0
174,1
174,3
175,0
175,2
176,0
176,1
176,3
177,0
177,2
178,0
178,1
178,3
181,0
181,2
181,3
181,5
184,1
184,2
184,4
184,5
185,1
185,3
186,0
186,2
186,3
187,1
187,3
188,0
188,2
188,3
189,0
189,1
189,3
189,5
190,0
190,2
190,3
190,5
191,0
191,1
191,3
192,0
192,2
192,3
193,1
193,3
193,4
194,1
194,2
195,0
195,2
195,3
196,1
196,2
197,0
197,1
197,3
198,1
198,2
199,0
199,1
199,3
200,1
200,2
201,0
201,1
201,3
202,0
202,2
203,0
203,1
203,3
204,0
204,2
205,0
205,1
205,3
208,0
208,2
208,4
208,5
211,1
211,2
211,4
211,5
211,3
211,0
208,3
208,1
205,2
204,3
204,1
203,2
202,3
202,1
201,2
200,3
200,0
199,2
198,3
198,0
197,2
196,3
196,0
195,1
194,3
194,0
193,2
193,0
192,1
191,2
190,6
190,4
190,1
189,4
189,2
188,4
188,1
187,2
187,0
186,1
185,2
185,0
184,3
184,0
181,4
181,1
178,2
177,3
177,1
176,2
175,3
175,1
174,2
173,3
173,0
172,2
171,3
171,0
170,2
169,3
169,0
168,1
167,3
167,0
166,2
166,0
165,1
164,2
164,0
163,4
163,1
162,4
162,2
161,4
161,1
160,3
160,0
3,0
2,6
2,4
2,2
2,1
2,0
1,3
1,1
1,0
0,568
0,494
0,408
0,322
0,243
0,9
0,469
0,360
0,238
0,542
0,359
0,237
0,541
0,358
0,236
0,468
0,357
0,235
0,467
0,356
0,234
0,540
0,355
0,233
0,465
0,354
0,232
0,464
0,353
0,231
0,466
0,352
0,230
0,463
0,462
0,229
0,461
0,351
0,228
0,460
0,350
0,227
0,459
0,349
0,226
0,458
0,348
0,225
0,457
0,456
0,224
0,530
0,484
0,223
0,539
0,347
0,222
0,455
0,346
0,221
0,454
0,345
0,220
0,538
0,344
0,219
0,483
0,452
0,218
0,482
0,451
0,217
0,453
0,343
0,216
0,450
0,342
0,215
0,481
0,341
0,214
0,449
0,340
0,213
0,448
0,447
0,212
0,446
0,445
0,211
0,444
0,339
0,210
0,529
0,338
0,209
0,528
0,337
0,208
0,443
0,336
0,207
0,442
0,335
0,206
0,526
0,334
0,205
0,527
0,441
0,204
0,525
0,333
0,203
0,440
0,332
0,202
0,439
0,331
0,201
0,437
0,330
0,200
0,480
0,436
0,199
0,479
0,438
0,198
0,435
0,329
0,197
0,478
0,328
0,196
0,434
0,327
0,195
0,433
0,326
0,194
0,432
0,431
0,193
0,430
0,429
0,192
0,523
0,325
0,63
0,522
0,324
0,62
0,524
0,323
0,61
0,521
0,321
0,60
0,520
0,477
0,59
0,428
0,320
0,58
0,476
0,319
0,57
0,475
0,318
0,56
0,427
0,317
0,55
0,426
0,425
0,54
0,424
0,423
0,53
0,422
0,316
0,52
0,421
0,315
0,51
0,420
0,314
0,50
0,519
0,313
0,49
0,517
0,312
0,48
0,516
0,311
0,47
0,518
0,309
0,46
0,514
0,306
0,45
0,513
0,301
0,6
0,5
0,1
0,11
0,4
0,2
0,3
0,7
